# 	Ilosc uruchomien AG: 7
# 	Ziarno: 4
# 	Rozmiar populacji: 100
# 	Liczba generacji: 200
# 	Typ Selekcji: 0
# 	Precyzja wyniku: 2
# 	Prawdopodobienstwo krzyzowania: 0.9
# 	Prawdopodobienstwo mutacji: 0.01
# 	Funkcja: 0
# 	Ilosc zmiennych: 2
# 	Przedzial: -2.5;3.0
0 157.1739971042857 90.281985393115
1 124.85927905714286 54.23696945960534
2 55.213977877142874 29.566141860105137
3 108.89855001142853 103.00538535061344
4 124.76384648285716 143.13119737133744
5 69.84052204571428 72.5687582205138
6 90.99501220000002 86.92459713031444
7 59.140157039999984 28.98563760068171
8 53.5057874014286 46.80735489313808
9 63.588118265714286 41.42621819387724
10 61.52172580428573 69.39013068363026
11 83.51114060571426 154.20280520466923
12 41.2361941842857 27.635838058650176
13 83.60578272428575 90.82846896133816
14 69.34651749428573 66.36408069033558
15 64.26771863714286 64.36993064340572
16 50.358087078571444 26.275022891690107
17 62.18432235857142 73.04747416254301
18 36.478742948571444 30.902693140635936
19 52.072612201428555 38.56512381224728
20 48.924882989999965 18.49025613872536
21 61.6403707842857 50.0414548826221
22 51.370193961428534 25.33740238657015
23 44.81604631999999 35.99418818697382
24 20.588194814285703 12.432798737740756
25 70.42665363714283 35.179062489136705
26 50.798309641428546 33.57674457995044
27 44.16752110714284 29.034498273965298
28 38.906551577142814 20.748179892301426
29 65.35347565999999 30.283261870581246
30 57.702334292857145 35.84424467976243
31 48.142067327142854 56.072698650667064
32 55.2978196628571 21.87736968956724
33 25.518832978571442 19.780890819774033
34 32.81131314000001 24.522608173597025
35 41.86677847714284 26.53546965857471
36 47.20889633999997 31.988079083622637
37 34.55174629857138 34.397477914419476
38 40.370097210000004 30.036750838106332
39 53.66229257714279 19.59757482831619
40 32.9830766585714 23.54776709395908
41 46.29554614428573 34.877128123388985
42 47.36245056428568 24.479636537425744
43 43.51928179142856 28.14727919708084
44 29.41135461571434 31.50294042776143
45 47.61342847999999 27.039564622998633
46 39.13884517142852 28.382678053826723
47 35.48132279285711 25.59764421247152
48 41.58037077428571 23.584610228056572
49 53.958412121428545 33.56299069412626
50 31.754438504285705 16.800181402625302
51 66.52398275857139 57.09833703995951
52 63.23802618999997 29.633243679922003
53 54.7953770271428 41.66209715183621
54 28.72168121714285 13.095237341273661
55 39.40012522571426 24.377828667056725
56 45.98467389142851 26.643375165268345
57 47.51701641857143 24.80257767099096
58 26.747903288571404 15.629063857681246
59 30.15046755714284 15.348366975068638
60 39.17467716142856 20.307587452081126
61 27.26646760571429 17.454147798688357
62 28.157024809999996 21.64326290741626
63 36.66233895714286 16.58159754499518
64 51.23510026857141 34.4011513878393
65 42.31201203142854 19.194395262581967
66 50.18836430285712 32.49358542474446
67 35.548626285714285 17.21944626535969
68 44.03945189857139 22.96118672100728
69 43.07454611142856 35.4399328931763
70 43.506131597142875 35.63422260860297
71 43.19115494428568 28.056731677269433
72 36.570238417142875 26.582254439538584
73 50.30088412999997 35.968851407164145
74 50.60161457428568 34.751117321845506
75 32.568872408571416 26.740660787164572
76 49.61681531857141 45.475696689806405
77 54.92531778428569 28.60145886323747
78 28.323703195714266 15.213814850672309
79 55.690643115714245 33.35372529944872
80 42.08273564571425 25.528133746439053
81 48.91167590428567 11.245344548576126
82 42.19246067142853 22.671426190713454
83 36.81262638714287 22.513265607014837
84 67.0402572685714 14.421852284639327
85 37.66985893285711 23.73646434692453
86 55.633760939999966 27.008120832929084
87 34.290162771428534 16.5848496478381
88 36.093017469999985 24.72287603982749
89 39.3667259128571 12.402604981070656
90 26.03562041571428 13.628283647331342
91 50.84918160999996 17.922293001621412
92 30.172849717142807 16.467176693029263
93 40.05958751571427 30.09284598391755
94 58.80247995428571 30.48256113448554
95 58.96180111142854 31.57688116758521
96 34.526292387142824 14.043195562391716
97 52.66833007142857 36.471381903799745
98 52.21029978714282 35.55165403105207
99 45.13456490999999 33.754336291113646
100 43.60389107714284 34.74698984799489
101 36.418584924285675 17.886585522638086
102 58.526043517142845 42.33490139267266
103 42.070560939999936 35.18789611580601
104 36.44820221571428 36.92342131945919
105 34.94349895571429 20.69968872811424
106 40.12062208857138 22.117047895334863
107 48.15362618285717 46.93154189206565
108 50.889070584285705 26.182003580124842
109 33.6453108142857 17.09992170271653
110 35.63098923857139 20.869968353961657
111 19.977129515714278 13.127360849602129
112 56.56584296000001 26.805891211517938
113 40.82557948 26.66043259949326
114 41.55848530857141 27.268755176886156
115 45.12237392571427 15.730209369158501
116 27.736839412857115 17.749954996286142
117 57.34306249142854 32.402026043255525
118 36.71489729857141 25.079010646618457
119 55.83874510714286 25.060039580210606
120 52.44727070857137 44.00248332553718
121 28.476473558571428 21.496837242300362
122 67.07256149571427 40.40581545788598
123 55.45011732714282 32.875986885475655
124 32.66322611714285 29.66568743680334
125 48.89627369571424 28.297902376988546
126 31.75205663285713 17.887074729586
127 46.11653026285715 34.74396202421102
128 39.39902615428569 32.84024244825498
129 54.01048827428567 23.16231478296701
130 23.565035404285716 26.723625429118538
131 48.59112886857143 28.48359935882381
132 32.84016883142857 22.978370200373128
133 40.743530318571416 15.393294878207245
134 30.59333658142855 28.597857608748463
135 46.12746605142854 25.561495812643734
136 27.838939499999963 16.769004557478144
137 49.094663308571405 36.434051393498606
138 39.79199501142859 24.806946746732528
139 30.808926451428572 22.799492031366597
140 43.17349662571432 27.58723037195218
141 37.36544382857142 22.41908759083499
142 43.77662717 25.919894657858
143 41.48702803999996 26.109695867310652
144 49.28466464714281 29.439627847447166
145 37.015088739999975 28.9187496930225
146 43.43360564999995 17.873234806420623
147 46.86392988999994 15.466962693557335
148 48.7079800942857 31.844981659319124
149 41.84157040857141 24.695828280231883
150 45.53407349285709 23.280815638477264
151 22.138707151428566 13.964533737175415
152 52.63727839857141 39.039056677656056
153 34.36181429285712 19.695034357121443
154 38.0219811528571 17.98498979388446
155 42.780697177142805 28.818569384843197
156 53.02437544142851 31.45339952416756
157 44.23408659857141 23.58598574928757
158 37.833241755714255 18.64954819463363
159 40.0950866428571 33.12609984614028
160 35.24811710142855 23.534271380308038
161 33.91884197428571 29.61650543570931
162 73.9398043842857 35.056653312901105
163 40.07857230571426 24.561909269197894
164 45.768031941428525 37.06758132205636
165 55.21864363571423 13.307357070466363
166 56.871590622857106 24.811780008321033
167 26.078427308571428 14.695623039627248
168 31.679448095714275 18.82514564171884
169 41.095273037142825 28.4763367873758
170 40.013359909999984 35.97899521691728
171 51.90425146999993 19.59698370291995
172 33.94160465714283 16.646763160091606
173 40.92388105714284 24.987920564251397
174 27.27185782571426 15.471499426721294
175 57.04673456285712 31.565894707461442
176 43.87777103571426 24.196127090656443
177 44.03072874999997 21.609081027014415
178 38.51580960142855 27.483958168131206
179 53.654902967142824 24.131749377739716
180 23.551680852857146 12.411886102113375
181 63.63792110428564 17.824538018738018
182 57.97383180714285 33.84884699502742
183 46.24977431142852 28.31416433355806
184 63.03505097571428 41.78301927571991
185 37.30893563714284 28.12104819092399
186 43.194253759999974 26.70826651488681
187 46.30780526142855 23.585079039768726
188 44.486580281428516 20.807465833609058
189 41.059199279999966 25.958667738576047
190 39.984036602857124 19.403921370498303
191 44.34761661285713 30.815128547111943
192 34.85147439714281 18.872280763251535
193 40.514394868571394 25.91507563471094
194 54.32629919571428 39.30762635558194
195 43.929685585714246 31.45870761127668
196 40.508808778571385 25.417141652592225
197 33.22398000142856 15.642336147104029
198 52.22525377428569 33.39266598707293
199 30.812231464285706 21.541198777735726
